name: Predictive_Analytics_Project_NEW
channels:
  - conda-forge
  - defaults
dependencies:
  - ca-certificates=2019.11.28=hecc5488_0
  - certifi=2019.11.28=py37_0
  - cycler=0.10.0=py_2
  - cython=0.29.14=py37h6538335_0
  - django=2.2.5=py37_1
  - ephem=3.7.7.0=py37hfa6e2cd_0
  - fbprophet=0.5=py37h6538335_1
  - freetype=2.10.0=h563cfd7_1
  - icu=64.2=he025d50_1
  - intel-openmp=2020.0=166
  - jpeg=9c=hfa6e2cd_1001
  - libblas=3.8.0=14_mkl
  - libcblas=3.8.0=14_mkl
  - libclang=9.0.1=default_hf44288c_0
  - liblapack=3.8.0=14_mkl
  - libpng=1.6.37=h7602738_0
  - libpython=2.0=py37_0
  - lunardate=0.2.0=py_0
  - m2w64-binutils=2.25.1=5
  - m2w64-bzip2=1.0.6=6
  - m2w64-crt-git=5.0.0.4636.2595836=2
  - m2w64-gcc=5.3.0=6
  - m2w64-gcc-ada=5.3.0=6
  - m2w64-gcc-fortran=5.3.0=6
  - m2w64-gcc-libgfortran=5.3.0=6
  - m2w64-gcc-libs=5.3.0=7
  - m2w64-gcc-libs-core=5.3.0=7
  - m2w64-gcc-objc=5.3.0=6
  - m2w64-gmp=6.1.0=2
  - m2w64-headers-git=5.0.0.4636.c0ad18a=2
  - m2w64-isl=0.16.1=2
  - m2w64-libiconv=1.14=6
  - m2w64-libmangle-git=5.0.0.4509.2e5a9a2=2
  - m2w64-libwinpthread-git=5.0.0.4634.697f757=2
  - m2w64-make=4.1.2351.a80a8b8=2
  - m2w64-mpc=1.0.3=3
  - m2w64-mpfr=3.1.4=4
  - m2w64-pkg-config=0.29.1=2
  - m2w64-toolchain=5.3.0=7
  - m2w64-tools-git=5.0.0.4592.90b8472=2
  - m2w64-windows-default-manifest=6.4=3
  - m2w64-winpthreads-git=5.0.0.4634.697f757=2
  - m2w64-zlib=1.2.8=10
  - matplotlib=3.1.3=py37_0
  - matplotlib-base=3.1.3=py37h2981e6d_0
  - mkl=2019.4=245
  - msys2-conda-epoch=20160418=1
  - numpy=1.18.1=py37hc71023c_0
  - openssl=1.1.1d=hfa6e2cd_0
  - pyparsing=2.4.6=py_0
  - pyqt=5.12.3=py37h6538335_1
  - python=3.7.5=h8c8aaf0_0
  - python-dateutil=2.8.1=py_0
  - pytz=2019.3=py_0
  - qt=5.12.5=h7ef1ec2_0
  - setuptools=42.0.2=py37_0
  - six=1.14.0=py37_0
  - sqlite=3.30.1=he774522_0
  - sqlparse=0.3.0=py_0
  - tornado=6.0.3=py37hfa6e2cd_0
  - vc=14.1=h0510ff6_4
  - vs2015_runtime=14.16.27012=hf0eaf9b_1
  - wheel=0.33.6=py37_0
  - wincertstore=0.2=py37_0
  - zlib=1.2.11=h2fa13f4_1006
  - pip:
    - click==7.0
    - convertdate==2.2.0
    - datefinder==0.7.0
    - forecast==0.1.0
    - holidays==0.9.12
    - hupper==1.9.1
    - joblib==0.14.1
    - kiwisolver==1.1.0
    - pandas==0.25.3
    - pastedeploy==2.1.0
    - patsy==0.5.1
    - pip==20.0.2
    - plaster==1.0
    - plaster-pastedeploy==0.7
    - pmdarima==1.5.2
    - pymeeus==0.3.6
    - pyqt5-sip==4.19.18
    - pyqtwebengine==5.12.1
    - pyramid==1.10.4
    - pystan==2.19.1.1
    - regex==2020.1.8
    - scikit-learn==0.22.1
    - scipy==1.4.1
    - setuptools-git==1.2
    - statsmodels==0.10.2
    - translationstring==1.3
    - venusian==3.0.0
    - webob==1.8.6
    - zope-deprecation==4.4.0
    - zope-interface==4.7.1
prefix: C:\Users\Kaymak\miniconda3\envs\Predictive_Analytics_Project_NEW

